10
0.02
50
2.175
50
2.147
100
5.492
200
35.655
400
296.369
800
2944.03
1600
40332.556
3200
358189.24
4000
711776.351
50
0.449
100
3.719000000000051
200
35.187
400
293.671
800
2825.713
1600
39962.483
3200
360123.101
4000
710016.507
50
0.474
100
3.758
200
34.658
400
295.827
800
2817.724
1600
40035.26
3200
357668.367
4000
709960.6459999999
50
0.448
100
3.801
200
35.331
400
294.403
800
2883.519
1600
39796.654
3200
356915.679
4000
701215.005
50
0.448
100
3.831
200
34.59
400
295.136
800
2866.245
1600
39810.758
3200
355267.153
4000
708108.964
