1681.715
1600
20567.999
3200
188668.705
4000
374698.033
50
0.408
50
1.206
100
4.143
200
10.067
400
78.765
800
794.873
1600
8226.129000000001
3200
88381.321
4000
166036.285
50
0.355
100
1.407
200
9.555999999999999
400
78.479
800
790.928
1600
8213.85
3200
79644.18799999999
4000
161008.49
50
0.457
100
1.344
200
11.80399999999997
400
81.104
800
791.612
1600
8432.365
3200
79790.825
4000
161427.166
50
0.376
100
1.289
200
10.368
400
80.009
800
805.179
1600
8481.75
3200
81531.65300000001
4000
166604.749
50
0.354
100
1.412
200
11.722
400
83.611
800
816.1800000000001
1600
8848.624
3200
86579.984
4000
175052.381
